0 1
0 29
0 40
0 41
0 44
0 103
1 15
1 19
1 38
1 74
1 89
1 103
1 133
2 33
2 35
2 51
2 73
2 83
2 96
3 19
3 47
3 78
3 81
3 100
3 101
3 121
3 134
4 5
4 6
4 10
4 11
4 13
4 37
4 56
4 84
4 106
4 111
4 147
5 97
5 124
5 147
6 11
6 21
6 22
6 32
6 33
6 34
6 37
6 38
6 40
6 44
6 46
6 61
6 62
6 63
6 64
6 71
6 73
6 79
6 89
6 101
6 104
6 105
6 118
6 124
6 125
6 134
6 136
6 138
6 149
7 16
7 37
7 98
7 104
8 11
8 46
8 72
8 80
9 21
9 28
9 39
9 61
10 13
10 40
10 76
10 107
10 115
11 14
11 43
11 61
11 65
11 80
11 92
11 132
11 145
12 32
12 67
12 71
12 112
13 65
13 76
13 102
13 114
13 118
13 141
14 22
14 76
14 92
15 82
15 89
15 118
16 104
16 136
16 150
17 33
17 66
17 105
17 131
18 36
18 37
18 54
18 59
18 75
18 134
19 24
19 74
19 78
19 99
19 124
19 149
20 26
20 30
20 42
20 62
20 100
20 123
20 125
20 133
21 31
21 39
21 82
21 89
21 101
21 110
21 143
21 146
21 148
22 34
22 60
22 76
22 77
22 109
22 115
22 120
22 144
22 149
23 44
23 119
23 131
23 134
24 60
24 82
24 99
24 125
24 149
25 59
25 84
25 102
25 113
25 136
25 138
26 33
26 103
26 118
26 123
26 129
27 61
27 76
27 112
27 149
28 43
28 61
28 101
29 41
29 44
29 64
29 82
29 117
29 123
29 142
30 31
30 32
30 60
30 73
30 74
30 100
30 113
31 47
31 53
31 60
31 105
31 115
31 148
32 57
32 58
32 67
32 74
32 86
32 134
32 135
32 149
33 44
33 66
33 83
33 103
33 104
33 139
33 150
34 55
34 66
34 78
34 81
34 92
34 105
34 106
34 137
34 148
35 38
35 50
35 51
35 79
35 103
35 121
35 122
36 59
36 62
36 71
36 99
36 114
37 54
37 88
37 91
37 97
37 98
37 107
37 136
38 50
38 62
38 95
38 113
38 118
38 128
38 133
38 145
39 71
39 130
40 57
40 64
40 85
40 103
40 107
40 110
40 116
40 118
41 49
41 63
41 89
41 143
42 62
42 121
42 124
43 101
43 132
44 45
44 46
44 52
44 70
44 108
44 131
45 50
45 70
45 83
45 123
45 124
46 49
46 63
46 72
46 119
46 122
46 129
46 135
46 142
47 101
47 105
47 115
47 121
48 53
48 73
48 121
48 138
49 89
49 129
50 104
50 121
50 123
51 53
51 62
51 79
51 117
52 61
52 72
52 108
53 64
53 73
53 90
53 117
53 148
54 84
54 105
55 66
55 104
55 144
56 79
56 98
56 111
57 60
57 85
57 86
57 120
57 128
57 145
58 63
58 87
58 135
59 71
59 107
59 113
59 138
59 145
60 82
60 120
60 125
61 71
61 72
61 76
61 114
61 128
62 68
62 81
62 114
62 117
62 138
63 79
63 80
63 87
63 93
63 111
63 117
63 143
64 77
64 88
64 90
64 102
64 138
64 141
64 142
65 112
65 118
65 141
65 145
67 75
67 114
67 128
67 136
68 81
68 105
68 113
69 79
69 87
69 109
69 149
70 125
70 129
71 108
71 112
71 130
71 136
71 139
73 96
73 100
73 101
73 124
73 132
73 147
74 113
74 124
75 134
75 136
77 115
77 141
78 89
78 116
78 120
78 141
78 148
79 94
79 98
79 104
79 109
79 146
80 111
81 88
81 100
81 102
81 137
82 110
82 118
82 142
83 124
84 102
84 105
84 106
85 141
85 149
86 99
86 118
87 149
88 92
88 102
88 107
89 120
89 125
89 126
89 130
90 101
90 116
91 97
91 125
91 140
92 106
92 107
93 116
93 117
93 122
93 127
93 138
94 101
94 127
94 146
95 99
95 113
95 134
96 104
96 127
97 124
99 114
99 118
99 134
100 134
101 116
101 127
102 114
102 136
103 122
103 129
104 123
104 127
104 144
105 113
105 131
105 134
107 115
107 145
108 139
109 144
110 116
112 145
112 149
114 128
115 137
115 138
116 120
116 122
117 123
117 127
118 123
119 134
119 135
121 124
121 138
122 138
122 142
122 146
124 125
125 129
125 133
125 140
126 130
126 136
126 140
128 145
132 147
136 140
136 150
137 138
139 150
141 148
141 149
142 146
143 146
